3              1              
3.2            2.066666667    
3.4            3.008333333    
3.6            3.854411765    
3.8            4.626143791    
4.0            5.339181287    
4.2            6.005263158    
4.4            6.633333333    
4.6            7.23030303     
4.8            7.801581028    
5.0            8.351449275    
5.2            8.883333333    
5.4            9.4            
5.6            9.903703704    
5.8            10.3962963     
6.0            10.87931034    
6.2            11.35402299    
6.4            11.82150538    
6.6            12.28266129    
6.8            12.73825758    
7.0            13.18894831    
7.2            13.63529412    
7.4            14.07777778    
7.6            14.51681682    
7.8            14.95277383    
8.0            15.38596491    
8.2            15.81666667    
8.4            16.24512195    
8.6            16.67154472    
8.8            17.09612403    
9.0            17.51902748    
9.2            17.94040404    
9.4            18.36038647    
9.6            18.77909343    
9.8            19.19663121    
10.0           19.61309524    
10.2           20.02857143    
10.4           20.44313725    
10.6           20.85686275    
10.8           21.26981132    
11.0           21.68204053    
11.2           22.09360269    
11.4           22.50454545    
11.6           22.91491228    
11.8           23.32474289    
12.0           23.73407364    
12.2           24.14293785    
12.4           24.55136612    
12.6           24.95938657    
12.8           25.36702509    
13.0           25.77430556    
13.2           26.18125       
13.4           26.58787879    
13.6           26.99421076    
13.8           27.40026339    
14.0           27.80605286    
14.2           28.2115942     
14.4           28.61690141    
14.6           29.02198748    
14.8           29.42686454    
15.0           29.83154387    
15.2           30.23603604    
15.4           30.64035088    
15.6           31.04449761    
15.8           31.44848485    
16.0           31.85232068    
16.2           32.25601266    
16.4           32.6595679     
16.6           33.06299307    
16.8           33.46629445    
17.0           33.86947791    
17.2           34.27254902    
17.4           34.675513      
17.6           35.07837477    
17.8           35.48113898    
18.0           35.88381001    
18.2           36.28639201    
18.4           36.68888889    
18.6           37.09130435    
18.8           37.49364189    
19.0           37.89590483    
19.2           38.2980963     
19.4           38.7002193     
19.6           39.10227663    
19.8           39.50427099    
20.0           39.90620491    
20.2           40.30808081    
20.4           40.70990099    
20.6           41.11166764    
20.8           41.51338283    
21.0           41.91504854    
21.2           42.31666667    
21.4           42.71823899    
21.6           43.11976724    
21.8           43.52125303    
22.0           43.92269793    
22.2           44.32410342    
22.4           44.72547093    
22.6           45.1268018     
22.8           45.52809735    
23.0           45.9293588     
23.2           46.33058734    
23.4           46.73178411    
23.6           47.13295019    
23.8           47.53408663    
24.0           47.93519442    
24.2           48.33627451    
24.4           48.73732782    
24.6           49.13835524    
24.8           49.53935759    
25.0           49.94033569    
25.2           50.34129032    
25.4           50.74222222    
25.6           51.14313211    
25.8           51.54402067    
26.0           51.94488857    
26.2           52.34573643    
26.4           52.74656489    
26.6           53.14737451    
26.8           53.54816587    
27.0           53.94893951    
27.2           54.34969596    
27.4           54.75043573    
27.6           55.1511593     
27.8           55.55186713    
28.0           55.95255969    
28.2           56.35323741    
28.4           56.75390071    
28.6           57.15455       
28.8           57.55518566    
29.0           57.95580808    
29.2           58.35641762    
29.4           58.75701464    
29.6           59.15759948    
29.8           59.55817246    
30.0           59.9587339     
30.2           60.35928412    
